hash_rate 1.0_avg 1.0_stddev expected_honest
0.0 0.0 0.0 0.0
0.01 0.00101362279978 0.000113452898827 0.001
0.02 0.00203474401146 0.000152653073475 0.002
0.03 0.00302453873286 0.000201463150013 0.003
0.04 0.00404482871127 0.000232340206204 0.004
0.05 0.00502846904905 0.000238424968354 0.005
0.06 0.00609093842968 0.000271971303935 0.006
0.07 0.00716843419773 0.000279754213388 0.007
0.08 0.00813561806065 0.000293914154058 0.008
0.09 0.00924466012925 0.00032824410239 0.009
0.1 0.0102868821711 0.00036594798974 0.01
0.11 0.0112894744491 0.000328149094355 0.011
0.12 0.0123200155573 0.000396548421874 0.012
0.13 0.013367375899 0.000400400570859 0.013
0.14 0.0144530699155 0.000389205510017 0.014
0.15 0.0155895481547 0.00043248943195 0.015
0.16 0.0166742180825 0.000434133640681 0.016
0.17 0.0177346298116 0.000419421414863 0.017
0.18 0.0188764479533 0.000456666633898 0.018
0.19 0.0199668936284 0.000526172597263 0.019
0.2 0.0210201695437 0.000523987010824 0.02
0.21 0.0221140052242 0.00049493712649 0.021
0.22 0.0233149201762 0.000493319400356 0.022
0.23 0.0242965832454 0.000516732868807 0.023
0.24 0.0254252622901 0.000471406308017 0.024
0.25 0.0266533199403 0.000538558787417 0.025
0.26 0.0277570834334 0.00060997984591 0.026
0.27 0.0288625694198 0.00054167255171 0.027
0.28 0.0301042021981 0.00049078636446 0.028
0.29 0.0312043170021 0.000587397171624 0.029
0.3 0.0323935508205 0.00067672410019 0.03
0.31 0.0335712107283 0.000586151318749 0.031
0.32 0.0346758181518 0.000598730229956 0.032
0.33 0.0359547845396 0.000645046222368 0.033
0.34 0.0372034757601 0.000596956570267 0.034
0.35 0.0382616882399 0.000719333248559 0.035
0.36 0.0394359110703 0.000705660716222 0.036
0.37 0.040698193664 0.000716192533987 0.037
0.38 0.0419250758219 0.000748451055085 0.038
0.39 0.0433318672679 0.000596467373949 0.039
0.4 0.0444059455611 0.000750455789901 0.04
0.41 0.0456160521837 0.000759058758173 0.041
0.42 0.0467477469612 0.000691083279379 0.042
0.43 0.0483498805379 0.000716707204921 0.043
0.44 0.0493862096738 0.00078038812569 0.044
0.45 0.0506063283005 0.000653965017827 0.045
0.46 0.051906494802 0.000699189768053 0.046
0.47 0.0531760418564 0.000788639722254 0.047
0.48 0.0546448221872 0.000676117500743 0.048
0.49 0.0557860248392 0.000805951217119 0.049
0.5 0.057010784541 0.000742276968292 0.05
