hash_rate 0.0_avg 0.0_stddev 0.5_avg 0.5_stddev 1.0_avg 1.0_stddev expected_honest
0.0 0.0 0.0 0.0 0.0 0.0 0.0 0.0
0.01 0.000991861031383 0.000126414806934 0.000998865464738 0.000120329862464 0.00101362279978 0.000113452898827 0.001
0.02 0.00200562194776 0.000156596368516 0.00196753273413 0.000147280901792 0.00203474401146 0.000152653073475 0.002
0.03 0.00301292249432 0.000186899563588 0.0030157113659 0.000181923638053 0.00302453873286 0.000201463150013 0.003
0.04 0.00407809671794 0.000204298946966 0.00404762779957 0.000223471396546 0.00404482871127 0.000232340206204 0.004
0.05 0.0050376151959 0.000223718348627 0.00507223404936 0.000265730314062 0.00502846904905 0.000238424968354 0.005
0.06 0.00607714836063 0.000231136078729 0.00611602576651 0.000276629843531 0.00609093842968 0.000271971303935 0.006
0.07 0.00709952441768 0.000295821911332 0.00710404319047 0.000284588652899 0.00716843419773 0.000279754213388 0.007
0.08 0.00812593160954 0.000310180836556 0.00817908964966 0.000312333554132 0.00813561806065 0.000293914154058 0.008
0.09 0.00920465274755 0.000347111281579 0.00919353200055 0.000319526111291 0.00924466012925 0.00032824410239 0.009
0.1 0.0102406458773 0.000339696435019 0.0102087992578 0.000334571878762 0.0102868821711 0.00036594798974 0.01
0.11 0.0112934593165 0.000351577746427 0.0112211889602 0.000344655639078 0.0112894744491 0.000328149094355 0.011
0.12 0.0123355505144 0.000381572291703 0.0123385859522 0.000342180724627 0.0123200155573 0.000396548421874 0.012
0.13 0.0133911193712 0.000364593492534 0.0133424289969 0.000449316352185 0.013367375899 0.000400400570859 0.013
0.14 0.0144619145555 0.000406250319374 0.0145332703365 0.000410424482566 0.0144530699155 0.000389205510017 0.014
0.15 0.0155464710729 0.000415787828456 0.0154907840285 0.000442219879521 0.0155895481547 0.00043248943195 0.015
0.16 0.0166413837322 0.000484615449826 0.0166442034213 0.000402900932724 0.0166742180825 0.000434133640681 0.016
0.17 0.0176434092792 0.000455658680749 0.0177089349269 0.000449051752455 0.0177346298116 0.000419421414863 0.017
0.18 0.0188961713586 0.000444161731203 0.0187629677936 0.00044320673382 0.0188764479533 0.000456666633898 0.018
0.19 0.0198970202752 0.000443166068873 0.0198942201287 0.000529732083104 0.0199668936284 0.000526172597263 0.019
0.2 0.0209709082883 0.000509865768712 0.0209921468197 0.000457210387455 0.0210201695437 0.000523987010824 0.02
0.21 0.0220985713042 0.000509532463269 0.022123193506 0.000466560400663 0.0221140052242 0.00049493712649 0.021
0.22 0.0231770056518 0.00049947351192 0.0232559895988 0.000481203517444 0.0233149201762 0.000493319400356 0.022
0.23 0.0243989779425 0.000535457645063 0.0243775314315 0.000574300444588 0.0242965832454 0.000516732868807 0.023
0.24 0.0254801821942 0.000467124480753 0.0255156022307 0.000606569396276 0.0254252622901 0.000471406308017 0.024
0.25 0.0266650900677 0.000541249382287 0.0265783922386 0.000557232500726 0.0266533199403 0.000538558787417 0.025
0.26 0.0277477734699 0.000566982575286 0.0277447695821 0.000569950204238 0.0277570834334 0.00060997984591 0.026
0.27 0.0289017886097 0.000613556395666 0.0288833711457 0.000568122917171 0.0288625694198 0.00054167255171 0.027
0.28 0.0300796641275 0.000589841039933 0.029990425882 0.000486521015663 0.0301042021981 0.00049078636446 0.028
0.29 0.0311406129545 0.000549318344869 0.0313049372689 0.000597288522959 0.0312043170021 0.000587397171624 0.029
0.3 0.0322842171457 0.000611128186242 0.0323986126467 0.000634933278019 0.0323935508205 0.00067672410019 0.03
0.31 0.0336107008443 0.000548919460834 0.0336419304515 0.000564638162215 0.0335712107283 0.000586151318749 0.031
0.32 0.0347900132544 0.000618141409122 0.0346112803869 0.000626908564024 0.0346758181518 0.000598730229956 0.032
0.33 0.0358241146163 0.000645604625504 0.0360141925891 0.000650088755239 0.0359547845396 0.000645046222368 0.033
0.34 0.0371188872981 0.000626627028814 0.0371314302768 0.00065782936938 0.0372034757601 0.000596956570267 0.034
0.35 0.038265821338 0.000597973540044 0.0383025946778 0.000672550332705 0.0382616882399 0.000719333248559 0.035
0.36 0.039491503073 0.000547497101253 0.0394695591922 0.000707580317532 0.0394359110703 0.000705660716222 0.036
0.37 0.0407629994732 0.000606609654123 0.0407740445423 0.000647740265829 0.040698193664 0.000716192533987 0.037
0.38 0.0419603297451 0.000669915336107 0.0419267611239 0.000762960507885 0.0419250758219 0.000748451055085 0.038
0.39 0.043199357809 0.000697791281545 0.0430726404823 0.000694713120634 0.0433318672679 0.000596467373949 0.039
0.4 0.0443796418499 0.000740922340748 0.0442827885339 0.00070743269953 0.0444059455611 0.000750455789901 0.04
0.41 0.0456980079708 0.0006662891049 0.0454692200265 0.000615731252748 0.0456160521837 0.000759058758173 0.041
0.42 0.046808487411 0.000651671998915 0.0468320511357 0.000782243454299 0.0467477469612 0.000691083279379 0.042
0.43 0.0480904414825 0.000766462205696 0.0481428627027 0.000680045275306 0.0483498805379 0.000716707204921 0.043
0.44 0.0494152333934 0.000697879254482 0.0492204423013 0.000626551775643 0.0493862096738 0.00078038812569 0.044
0.45 0.0506732287308 0.000701158237223 0.0506524744444 0.000625208678513 0.0506063283005 0.000653965017827 0.045
0.46 0.0519240360634 0.000744713495541 0.0518089017051 0.000659440992428 0.051906494802 0.000699189768053 0.046
0.47 0.0531351921561 0.00061942035859 0.0530958845122 0.000832152515997 0.0531760418564 0.000788639722254 0.047
0.48 0.054479914453 0.0007187658569 0.0544770206463 0.000693398100282 0.0546448221872 0.000676117500743 0.048
0.49 0.0557486067477 0.000756060245852 0.0557955340156 0.000716143118464 0.0557860248392 0.000805951217119 0.049
0.5 0.0570695737436 0.000799886691277 0.0569407524392 0.000724210718023 0.057010784541 0.000742276968292 0.05
