hash_rate 0.0_avg 0.0_stddev 0.5_avg 0.5_stddev 1.0_avg 1.0_stddev expected_honest
0.0 0.0 0.0 0.0 0.0 0.0 0.0 0.0
0.01 4.20583524703e-05 2.81111156726e-05 0.000520627927339 8.66277103618e-05 0.00100290736978 9.7173319618e-05 0.001
0.02 0.000152858756682 5.91215562968e-05 0.0011073484956 0.000124589152565 0.00206649448801 0.00016293034548 0.002
0.03 0.000330327435299 8.69532627596e-05 0.00172954059875 0.000164580993704 0.00311695883504 0.000216342224173 0.003
0.04 0.000598281881382 0.000126772227302 0.00232359402553 0.000171691611289 0.00411862110445 0.000209457934721 0.004
0.05 0.000937705329322 0.000146119781902 0.00312398911321 0.000229444859228 0.00523249840812 0.000251810559855 0.005
0.06 0.00136118813226 0.000176109695368 0.00383336225057 0.000251791050028 0.00639216987177 0.000297846541367 0.006
0.07 0.00181375277278 0.000202782918233 0.00465827509361 0.000280761986637 0.00745579659247 0.000322631618146 0.007
0.08 0.00230575272936 0.000235144363404 0.005481774559 0.000327389600919 0.0086258830738 0.000289837644267 0.008
0.09 0.00292023382004 0.000250868581954 0.00634089978388 0.000301131771952 0.00977462129152 0.000381188532169 0.009
0.1 0.00359227273986 0.000293309476362 0.00724065464027 0.000359834066893 0.0109106924624 0.000355408857116 0.01
0.11 0.00432966815363 0.000298597012718 0.00820565750079 0.000374074969873 0.0121753644391 0.000333626081545 0.011
0.12 0.00507242742903 0.000333743135838 0.00921136982685 0.00040432953638 0.0133405867183 0.000441581834163 0.012
0.13 0.0058531593553 0.000422421401413 0.010235605089 0.000406987851774 0.0146398761526 0.000423097306814 0.013
0.14 0.00672529537253 0.000433155660478 0.0112943843125 0.000403105282698 0.0159158461852 0.000471946533903 0.014
0.15 0.0076961346889 0.000386233370728 0.0123960369729 0.00051719392927 0.0171437241617 0.000453301090947 0.015
0.16 0.00872325640361 0.000456527489288 0.013563153777 0.000539269311989 0.0184419431156 0.000492399530106 0.016
0.17 0.00966466172628 0.000431601596843 0.0146763598896 0.00046003394869 0.0198362527581 0.00047875332441 0.017
0.18 0.0107447100753 0.000601716617919 0.0159502550754 0.000509564323142 0.0211154713108 0.000527398599878 0.018
0.19 0.0119516073298 0.000654268446143 0.0172258845835 0.000641768127477 0.0224564714535 0.000592472006612 0.019
0.2 0.0131675437967 0.000442999930235 0.018536402203 0.000591236134029 0.0238596251794 0.000657292281248 0.02
0.21 0.0143894066143 0.000640448800746 0.0198940270334 0.000633144393203 0.0251817300519 0.000637622665821 0.021
0.22 0.0156949057047 0.000594165048123 0.0211327435795 0.000613632174072 0.0266642904356 0.000580869139232 0.022
0.23 0.0170468944075 0.000588559928393 0.0225929257402 0.000669377193904 0.0280813007108 0.000597792382114 0.023
0.24 0.0185560878775 0.000631313809357 0.0239451867721 0.000620122808878 0.0295475626866 0.000669476190702 0.024
0.25 0.0199277413254 0.00062594207235 0.0256215701021 0.000661756772431 0.0311377203322 0.000674420949108 0.025
0.26 0.0213891006907 0.000701621986929 0.0270784216068 0.00057248465658 0.0326920740444 0.000694832154288 0.026
0.27 0.0230221264862 0.000790909732393 0.0285676613019 0.000728771901086 0.034135768622 0.000660557599554 0.027
0.28 0.0245956966632 0.000790073000703 0.0301976263499 0.000810134981254 0.0357478872165 0.000757650302234 0.028
0.29 0.0261700400635 0.000822352138082 0.0319459164498 0.000675651328808 0.0373661564115 0.000737522795888 0.029
0.3 0.0280221607521 0.000749461157455 0.0335028300687 0.000709553314999 0.039108044935 0.000678539635144 0.03
0.31 0.0297744973152 0.000911340419699 0.0354521022173 0.000821272922157 0.0407569439243 0.000722497752066 0.031
0.32 0.0318322503315 0.000947687301643 0.0369837949114 0.000887902327428 0.0424687754799 0.000794373755796 0.032
0.33 0.0337874618422 0.000956225824496 0.039044317353 0.000908358347762 0.0444073592631 0.000765807709847 0.033
0.34 0.0357053512686 0.000894208830833 0.0408867022426 0.000873409171748 0.0462177061373 0.000790268986694 0.034
0.35 0.0377494619953 0.00100569097288 0.0428936066897 0.000978962623466 0.0480267822397 0.00088920914803 0.035
0.36 0.0402355489836 0.00121045430527 0.0451292700484 0.00100757891607 0.0500737534053 0.000845153862483 0.036
0.37 0.0426721075825 0.00108081506346 0.0472259565184 0.00117926319191 0.0520585437546 0.000964026919872 0.037
0.38 0.044668610573 0.00127316173558 0.0495805896384 0.0010353684641 0.0542502364392 0.00110980727049 0.038
0.39 0.0474213436848 0.0011684051062 0.0519733697237 0.000983973132562 0.0564482769925 0.00102714457342 0.039
0.4 0.0501701455913 0.00123809450385 0.0545576778241 0.00126004368844 0.0588631736707 0.00103177314925 0.04
0.41 0.0528906281179 0.00143072751973 0.0573153446822 0.00130616755182 0.0611496974566 0.00135506106639 0.041
0.42 0.0563330209911 0.00141614879254 0.0602544819343 0.00137851283033 0.0639166225313 0.00133716139827 0.042
0.43 0.059444756923 0.00157767615503 0.0630406961875 0.00152320169632 0.0667517519954 0.00137735556023 0.043
0.44 0.0630899314841 0.00173459360759 0.0667644659227 0.00165679530391 0.06978658722 0.00170221671652 0.044
0.45 0.0674353987719 0.00191903996498 0.0701025070602 0.00194647082816 0.0730437114631 0.00161349983808 0.045
0.46 0.0719846395954 0.00203425037583 0.0745564018339 0.00201328521245 0.0770166624573 0.00178746439736 0.046
0.47 0.0768620184317 0.00212911127132 0.0794223735142 0.00223079038247 0.0810126619749 0.00170026475554 0.047
0.48 0.0829339043278 0.00312664087735 0.0848145912108 0.00236697525885 0.0860463233664 0.0027267692083 0.048
0.49 0.0892441949445 0.00314690175942 0.0912676579108 0.00278955535232 0.0912719878012 0.00283880244889 0.049
0.5 0.0958003816877 0.00235553374599 0.0970478094893 0.00190646140073 0.0972964167432 0.00227002728235 0.05
