hash_rate 0.0_avg 0.0_stddev 0.5_avg 0.5_stddev 1.0_avg 1.0_stddev expected_honest
0.0 0.0999376540237 0.000807665770489 0.0998836605915 0.000628980945784 0.0998443192226 0.000706385422486 0.1
0.01 0.0999157684495 0.000766762341789 0.099856670267 0.000720867191271 0.0999818975757 0.000762401088051 0.1
0.02 0.0998609778571 0.000789857420316 0.0998690405971 0.000710717279579 0.099941752244 0.000840122937151 0.1
0.03 0.0999924886608 0.000820592082969 0.0998034872765 0.000879107831543 0.100026545727 0.000782023260222 0.1
0.04 0.0997821164014 0.000868273964105 0.0997255594673 0.000856716557936 0.0998711880527 0.000790638712182 0.1
0.05 0.0998345145662 0.000825030081433 0.0997729277655 0.000899019600699 0.0998157212126 0.000754953693458 0.1
0.06 0.099873281833 0.000783324666741 0.0997923077464 0.000851363685079 0.0998225228894 0.000846358281745 0.1
0.07 0.0996469251143 0.000765782054603 0.0996476296447 0.000844351347367 0.0996277417037 0.000764468159591 0.1
0.08 0.0996327390707 0.000838221679972 0.099513584359 0.000776044073532 0.0996798064655 0.000721624776655 0.1
0.09 0.099506988433 0.000713698446178 0.0995297073393 0.000874838325456 0.0996493435743 0.000908654188618 0.1
0.1 0.0995275844595 0.000746407206889 0.0994629191787 0.000829446741437 0.0994683451787 0.000846599647591 0.1
0.11 0.0993711105336 0.000836666043097 0.0995036236366 0.000679131693454 0.0993531913206 0.000803786835284 0.1
0.12 0.0993920199445 0.000759217949981 0.0992955757446 0.000720486459222 0.0994221319289 0.000816240789453 0.1
0.13 0.0994504098423 0.00080769361072 0.0992726394634 0.000849946503111 0.0993382786054 0.000841188379441 0.1
0.14 0.0992683624334 0.000691082274802 0.0992146083865 0.000809138767037 0.0990301713618 0.000712997890332 0.1
0.15 0.0990481972111 0.000808211430021 0.0990582378404 0.000755606218815 0.0989695585855 0.000865786356407 0.1
0.16 0.0991315060496 0.000764575383503 0.0989837343214 0.00089910891323 0.09903379479 0.000830305717147 0.1
0.17 0.0988669610534 0.000846750744838 0.0989970602874 0.000950426680372 0.0989373553412 0.000839970590709 0.1
0.18 0.0988351003178 0.000790528157266 0.0988731551069 0.000791688404517 0.0987826338154 0.000863319955949 0.1
0.19 0.0987041146537 0.000892847248895 0.0986657483342 0.000779469812015 0.09871959008 0.00071058402282 0.1
0.2 0.0985675209621 0.000738418641314 0.0985389877542 0.000805874657303 0.0985524547787 0.000869187612387 0.1
0.21 0.0985316418206 0.000780333598145 0.0983223976014 0.000787207039598 0.0985987834943 0.000788850095558 0.1
0.22 0.0983092745419 0.000746371255471 0.0983801577831 0.000783920402288 0.0983500032017 0.000812336030377 0.1
0.23 0.098251165595 0.000861349301185 0.098291077293 0.000827382823839 0.0982397258692 0.000832623978079 0.1
0.24 0.0981088826671 0.000899962407416 0.0980807402175 0.000780115442563 0.0981633236223 0.00089721837259 0.1
0.25 0.097909625762 0.000736717900957 0.0981301521185 0.000814943353723 0.0978233789468 0.000915370669999 0.1
0.26 0.0978711568696 0.000873668994805 0.0978312214207 0.00088478544336 0.0979089958759 0.000874539750716 0.1
0.27 0.0977509004466 0.000911048377776 0.0974919463084 0.000922812855712 0.0975084718715 0.000842612326659 0.1
0.28 0.0975051734071 0.000913423135985 0.0973553981487 0.000868682585053 0.0976851090184 0.000937943921267 0.1
0.29 0.0974231612732 0.000887793806921 0.0973319398798 0.00102682707072 0.0973379120083 0.000910318951969 0.1
0.3 0.0971267358321 0.000951797346684 0.0971386485594 0.000921113153403 0.0970698236446 0.000848782894992 0.1
0.31 0.0968828569489 0.00092760435972 0.0971612647229 0.000974986104968 0.0968874286458 0.000917155331208 0.1
0.32 0.0967153148191 0.000845828115415 0.0967288628353 0.000868543461032 0.0967679930584 0.000967353504107 0.1
0.33 0.0963925329831 0.000963761435605 0.0964700725533 0.000976718603658 0.0963779996714 0.000863476426452 0.1
0.34 0.0962986427893 0.000888147211571 0.096272527698 0.00090438610546 0.0962355427466 0.000920101396623 0.1
0.35 0.0958721037025 0.000862490027494 0.0959153256378 0.000923241030929 0.0959865464524 0.000874089535441 0.1
0.36 0.0955652389474 0.000929499769834 0.0957003518617 0.00093539722509 0.0956512891267 0.000986114529698 0.1
0.37 0.0953462355615 0.000974058032897 0.0952948931039 0.000971730982888 0.0954315532334 0.000952373100317 0.1
0.38 0.0951162497438 0.00102872188587 0.0949138333464 0.000925422524189 0.0950554105989 0.000963729488772 0.1
0.39 0.0947013435414 0.000813793241569 0.0945068482992 0.00101212220537 0.0944808395575 0.00108369823488 0.1
0.4 0.0942675760414 0.000882472457404 0.0939259279374 0.0010178848252 0.0942010110569 0.00109553741615 0.1
0.41 0.0936302627409 0.000986171832051 0.0934901437407 0.00110990360274 0.0933510838155 0.00118404948653 0.1
0.42 0.0929888077066 0.00105224916401 0.0930032254984 0.00106398714199 0.0930602691906 0.000998650379117 0.1
0.43 0.0924655279139 0.000930374157363 0.0923074159756 0.00121139832822 0.0921757736413 0.00120672521545 0.1
0.44 0.0916831492568 0.00101666251251 0.0914086399367 0.0011621713429 0.0914725095695 0.00111655161584 0.1
0.45 0.0903716787934 0.00112994169047 0.0901175850183 0.00131779050475 0.0903964147888 0.00119824794674 0.1
0.46 0.0894296361364 0.00131267960609 0.0894463269818 0.00124219430723 0.0892318340184 0.00136546707275 0.1
0.47 0.0879770176876 0.00154502878065 0.0878184180994 0.00141644450324 0.0879850609285 0.00155143602315 0.1
0.48 0.086291471278 0.00172934690836 0.086303209858 0.00150574797824 0.0860076950764 0.0016253095515 0.1
0.49 0.0843801797696 0.00163147959677 0.0844589916899 0.0014345139348 0.0840738664642 0.001612741879 0.1
0.5 0.0826522391632 0.00154057454177 0.0829574715887 0.00131894103772 0.0824506436482 0.00139146156303 0.1
